Global
Symbol set size | L |
32 | 70
9 | 21 [2, 0, 8, 5, 7, 8, 4, 2, 4, 3, 6, 6, 5, 3, 4, 7, 1, 5, 0, 2, 8]
32 | 70 [6, 31, 15, 4, 4, 9, 27, 12, 29, 26, 7, 10, 21, 15, 10, 6, 1, 30, 19, 2, 19, 9, 14, 13, 23, 25, 20, 5, 33, 17, 27, 29, 15, 22, 24, 18, 26, 27, 7, 22, 28, 8, 17, 22, 16, 3, 0, 20, 1, 28, 4, 24, 7, 31, 33, 19, 32, 15, 0, 13, 12, 5, 17, 8, 32, 12, 6, 2, 10, 11]


Local
25 | 473
29 | 502 [17, 8, 6, 18, 23, 25, 3, 15, 15, 0, 25, 6, 27, 16, 27, 25, 8, 25, 28, 11, 11, 13, 19, 28, 14, 16, 6, 16, 7, 14, 11, 24, 17, 9, 22, 11, 21, 3, 6, 25, 16, 26, 13, 17, 1, 0, 17, 0, 28, 3, 10, 20, 19, 7, 1, 18, 27, 12, 4, 0, 16, 19, 10, 9, 0, 4, 6, 0, 8, 2, 20, 20, 7, 16, 0, 14, 26, 11, 8, 22, 14, 22, 18, 13, 4, 17, 7, 25, 1, 6, 14, 13, 0, 27, 21, 19, 8, 5, 7, 5, 27, 27, 20, 4, 13, 15, 5, 20, 25, 13, 7, 0, 13, 21, 12, 13, 6, 3, 2, 0, 0, 26, 9, 1, 13, 24, 23, 12, 24, 3, 11, 4, 11, 12, 28, 13, 1, 8, 17, 26, 15, 17, 22, 21, 21, 17, 3, 16, 28, 7, 12, 2, 13, 23, 2, 21, 27, 5, 0, 3, 24, 8, 24, 2, 19, 3, 1, 26, 17, 10, 19, 2, 6, 20, 16, 13, 20, 14, 3, 23, 7, 23, 3, 25, 23, 15, 16, 8, 21, 20, 24, 22, 1, 7, 21, 23, 9, 17, 12, 15, 14, 23, 27, 4, 27, 13, 9, 13, 16, 3, 12, 12, 8, 28, 22, 22, 9, 24, 28, 18, 18, 3, 13, 25, 9, 4, 3, 7, 19, 11, 27, 0, 15, 19, 4, 12, 20, 18, 14, 8, 27, 22, 4, 20, 1, 24, 27, 26, 16, 14, 2, 28, 16, 9, 11, 1, 12, 6, 21, 6, 5, 18, 19, 14, 18, 21, 9, 27, 11, 25, 2, 5, 15, 24, 0, 23, 8, 26, 5, 19, 9, 18, 22, 17, 14, 7, 27, 1, 3, 17, 24, 1, 2, 15, 21, 26, 12, 18, 4, 28, 26, 25, 7, 6, 7, 15, 3, 9, 8, 10, 18, 9, 5, 16, 17, 25, 19, 25, 4, 10, 25, 27, 2, 22, 12, 0, 1, 4, 5, 21, 11, 23, 24, 13, 2, 10, 14, 24, 9, 7, 4, 19, 23, 23, 26, 3, 8, 23, 19, 18, 26, 18, 12, 17, 19, 1, 9, 19, 24, 19, 5, 9, 26, 21, 5, 14, 0, 22, 15, 7, 28, 0, 7, 9, 6, 1, 10, 28, 9, 15, 28, 5, 5, 28, 19, 20, 26, 20, 9, 25, 14, 1, 28, 25, 17, 28, 20, 8, 19, 21, 28, 17, 4, 14, 4, 7, 8, 7, 20, 5, 8, 3, 3, 20, 27, 3, 27, 28, 4, 16, 25, 21, 4, 25, 15, 2, 27, 15, 1, 5, 25, 24, 14, 17, 15, 12, 16, 10, 10, 27, 7, 18, 10, 1, 22, 10, 26, 22, 13, 11, 26, 8, 12, 27, 17, 20, 22, 25, 10, 22, 16, 11, 17, 21, 15, 10, 15, 13, 10, 5, 1, 20, 3, 19, 0, 2, 23, 22, 19, 6, 8, 4, 24, 12, 7, 2, 1, 14, 5, 23, 0, 5, 11, 0, 19, 12, 21, 18, 11, 14, 20, 15]
